=== Corpus Data Summary ===
            sentID           nw       wordID       length          freq         code
count  1003.000000  1003.000000  1003.000000  1003.000000   1003.000000  1003.000000
mean     58.114656     9.003988     5.001994     5.439681   2603.012640     6.272183
std      33.243369     1.326072     2.695453     2.634240   5537.443819     3.824062
min       1.000000     6.000000     1.000000     2.000000      0.000000     0.000000
25%      29.000000     8.000000     3.000000     3.000000     23.540140     2.000000
50%      59.000000     9.000000     5.000000     5.000000    113.273895     9.000000
75%      87.000000    10.000000     7.000000     7.000000   2204.663478     9.000000
max     114.000000    12.000000    12.000000    16.000000  24738.590200     9.000000

=== Fixation Data Summary ===
            col_0       col_1       col_2       col_3       col_4       col_5  col_6  col_7       col_8  col_9
count  877.000000  877.000000  877.000000  877.000000  877.000000  877.000000  877.0  877.0  877.000000  877.0
mean    57.753706    5.093501    3.396774  196.940707   21.519954    0.389966    0.0    0.0    4.456100   10.0
std     33.102008    2.682246    1.908851   48.435040    9.066151    0.706001    0.0    0.0    2.378452    0.0
min      1.000000    1.000000    0.010479   53.000000   12.000000    0.000000    0.0    0.0    1.000000   10.0
25%     29.000000    3.000000    2.177086  166.000000   16.000000    0.000000    0.0    0.0    2.000000   10.0
50%     58.000000    5.000000    3.335727  196.000000   18.000000    0.000000    0.0    0.0    4.000000   10.0
75%     86.000000    7.000000    4.329359  226.000000   22.000000    1.000000    0.0    0.0    6.000000   10.0
max    114.000000   12.000000   15.159856  486.000000   59.000000    2.000000    0.0    0.0   10.000000   10.0